1582044448
794603035
575160993
944115702
1424178210
394810255
1059552562
1142501924
764188211
1335951588
1413950580
441006759
1393983975
1997970869
5509085614
883844694
1480095251
1772308318
153685889
1369240622
593363041
263268094
897996863
1095223694
373871318
440916728
1083566322
1462935056
874775350
593186062
1382511602
759573533
199101708
1122107395
226470910
706195118
600681914
404004146
783647871
807162529
5228396766
1752603200
509368168
808216845
744422855
5569338017
388570566
870063403
761012086
1561325637
1614204210
977683571
1264916399
2077239591
1352679823
530358905
1054540085
414970519
